function F = eqs4(x)

F(1) = (x(1)/20000)+300-x(2);
F(2) = (80000*(x(2) - x(3))-x(1));
F(3) = (5000*(x(3) - x(4)) - x(1));
F(4) = 3000 - (x(1)/10000) - x(4);
end