qtruth = 28258.9;
q1 = 28341.6;